00500093
00a00113
002081b3
40110233
0020f2b3
0020e333
0020c3b3
002093b3
001153b3
0020a4b3
00100593
00b50463
00000613
00900693
00d02023
00002703
00d71663
05500793
ff9ff06f
00000000
00000000
00000000
00000000
00000000
00000000
00000000
00000000
00000000
00000000
00000000
00000000
00000000
00000000
00000000
00000000
00000000
00000000
00000000
00000000
00000000
00000000
00000000
00000000
00000000
00000000
00000000
00000000
00000000
00000000
00000000
00000000
00000000
00000000
00000000
00000000
00000000
00000000
00000000
00000000
00000000
00000000
00000000
00000000
00000000